0 1 2 3 4 5 6 7 8 9 10 11 13 15 17 18 21 
0 1 2 3 5 6 7 8 15 
0 1 2 4 5 6 7 11 12 13 14 15 16 17 
0 1 2 3 
0 1 2 3 4 6 8 9 10 11 14 15 18 19 20 21 
0 1 2 3 4 5 6 7 10 14 15 
0 9 3 1 
0 1 2 3 
0 1 2 3 4 6 7 8 9 10 11 
0 1 2 3 4 5 6 7 8 9 10 13 14 15 16 18 21 
0 1 2 3 4 5 7 8 9 11 13 16 17 20 21 
0 1 2 7 
0 1 2 3 4 5 7 8 11 12 13 16 18 19 
0 1 2 3 4 5 6 7 8 9 10 12 13 14 16 17 20 
0 1 2 3 4 5 9 10 13 
0 1 2 3 4 6 7 8 9 16 18 20 
0 1 2 4 5 6 10 11 
0 1 2 3 4 5 6 7 8 10 15 16 18 19 
0 1 2 5 6 7 16 17 
0 1 2 3 5 6 7 9 15 16 17 
0 1 2 3 4 5 6 7 8 9 13 15 16 17 19 20 
0 1 3 5 9 20 
0 1 2 3 5 6 7 8 9 14 15 16 18 20 21 
0 1 2 3 5 8 12 13 
0 1 2 3 6 15 
0 1 2 3 5 6 9 12 13 14 21 
0 1 2 3 4 7 8 9 11 19 20 
0 1 2 3 6 7 9 20 21 
0 1 2 3 4 5 6 7 8 9 10 14 17 18 19 
0 1 2 3 4 6 7 8 9 11 16 17 18 19 20 21 
0 1 2 3 7 17 
0 1 2 3 4 6 7 8 11 14 16 17 18 19 
0 1 2 3 4 6 8 15 18 19 
0 2 3 8 18 19 
0 2 6 7 16 
0 1 2 3 4 7 9 21 
0 1 2 3 4 5 6 7 8 9 11 13 14 18 19 20 
0 1 2 4 6 7 11 15 
0 1 2 3 4 5 6 8 9 13 14 
0 1 2 3 4 5 6 8 10 11 12 19 
0 1 2 3 4 5 6 7 8 9 10 11 12 13 14 15 17 20 21 
0 1 2 3 6 9 15 20 
0 1 2 3 4 5 6 7 8 10 12 13 14 16 17 18 19 
0 1 3 8 9 21 
0 1 2 6 15 
0 1 2 3 4 5 6 7 10 11 13 14 16 17 
0 1 2 3 5 7 8 9 12 17 18 20 21 
0 1 2 4 5 6 7 11 12 13 16 
0 1 2 3 5 6 9 20 
0 1 2 3 5 6 8 9 15 19 20 21 
0 1 2 3 4 5 7 9 10 12 13 16 
0 1 2 3 4 5 6 8 10 11 13 14 15 18 
0 1 2 3 4 5 6 7 9 11 12 13 14 15 17 
0 1 2 3 5 7 8 12 17 19 
0 1 2 3 6 7 8 9 14 16 18 19 20 21 
0 1 2 3 7 9 16 21 
0 1 2 4 6 7 10 11 14 
0 1 2 3 5 6 7 8 9 12 13 
0 1 2 3 4 8 9 18 21 
0 1 2 3 6 7 8 17 
0 2 3 6 8 9 14 18 20 
0 1 2 3 5 7 12 16 17 
0 1 2 3 6 8 9 14 20 21 
0 1 3 4 10 11 
0 1 3 4 9 11 
0 1 2 4 5 7 10 11 13 
0 1 2 3 4 5 6 8 9 13 18 20 21 
0 1 2 3 4 5 7 8 12 13 16 17 18 19 
0 1 2 3 6 7 8 9 14 15 18 21 
0 1 2 3 4 6 8 9 10 11 14 15 18 19 20 21 
0 1 2 3 6 7 8 14 17 18 
0 1 3 4 5 8 9 10 12 13 18 19 20 21 
0 1 2 3 5 13 
0 1 2 3 4 6 9 10 20 
0 1 2 3 4 5 8 9 19 20 21 
0 2 3 6 7 9 14 20 21 
0 1 2 3 4 5 8 9 18 
0 2 3 6 8 9 19 21 
0 1 2 3 4 5 10 12 13 
0 1 2 3 5 6 7 8 9 12 13 14 15 18 
0 1 3 4 5 8 13 19 
0 1 2 3 6 7 8 9 15 20 21 
0 1 3 4 5 8 11 12 
0 1 2 3 4 5 6 7 8 9 13 14 16 18 
0 2 3 6 7 9 14 15 20 21 
0 2 3 7 8 9 16 17 18 19 20 21 
0 1 2 4 7 11 17 
0 1 2 3 4 6 7 8 9 10 11 16 17 18 20 21 
0 1 3 4 5 9 10 11 20 
0 8 18 3 
0 1 2 3 4 6 7 8 9 11 14 15 17 18 19 20 
0 1 2 3 4 5 6 7 8 10 11 13 14 15 19 
0 1 2 4 5 6 7 14 15 16 17 
0 1 2 3 4 5 7 8 9 11 12 13 19 
0 1 2 3 4 5 6 7 10 11 12 15 16 17 
0 1 2 3 5 7 8 9 16 17 18 19 20 21 
0 1 2 3 4 7 10 
0 1 2 3 6 7 8 9 14 15 17 19 
0 1 2 3 7 8 9 20 21 
0 1 2 3 4 5 6 7 8 9 12 15 17 18 19 20 
